[Updates]
CurrentRelease = v0.5.0.0
ReleaseDate = 2023-09-19 08:13:07.431627
LastCheckDate = 2023-09-19 08:13:07.431627
DisableUpdateCheck = 0
PauseDays = 0

