[Updates]
CurrentRelease = v0.3.0.1
ReleaseDate = 2023-02-21 09:58:28.340444
LastCheckDate = 2023-02-21 09:58:28.340444
DisableUpdateCheck = 0
PauseDays = 0

