[Updates]
CurrentRelease = v0.4.1.2
ReleaseDate = 2023-04-10 16:54:35.939506
LastCheckDate = 2023-04-10 16:54:35.939506
DisableUpdateCheck = 0
PauseDays = 0

