[Updates]
CurrentRelease = v0.1.0.3
ReleaseDate = 2022-05-26 09:00:03.692575
LastCheckDate = 2022-05-26 09:00:03.692575
DisableUpdateCheck = 0
PauseDays = 0

