[Updates]
CurrentRelease = v0.1.0.1
ReleaseDate = 2022-05-23 12:58:54.612936
LastCheckDate = 2022-05-23 12:58:54.612936
DisableUpdateCheck = 0
PauseDays = 0

