[Updates]
CurrentRelease = v0.1.0.0
ReleaseDate = 2022-05-19 11:48:14.064806
LastCheckDate = 2022-05-19 11:48:14.064806
DisableUpdateCheck = 0
PauseDays = 0

