[Updates]
CurrentRelease = v0.3.1.0
ReleaseDate = 2023-02-22 12:15:42.413604
LastCheckDate = 2023-02-22 12:15:42.413604
DisableUpdateCheck = 0
PauseDays = 0

