[Updates]
CurrentRelease = v0.6.0.0
ReleaseDate = 2025-02-03 12:08:02.683048+00:00
LastCheckDate = 2025-02-03 12:08:02.683048+00:00
DisableUpdateCheck = 0
PauseDays = 0
CheckExtensionAssociation = 1

