[Updates]
CurrentRelease = v0.4.1.1
ReleaseDate = 2023-04-07 18:50:08.662894
LastCheckDate = 2023-04-07 18:50:08.662894
DisableUpdateCheck = 0
PauseDays = 0

