[Updates]
CurrentRelease = v0.5.3.3
ReleaseDate = 2024-03-13 10:58:01.484317
LastCheckDate = 2024-03-13 10:58:01.484317
DisableUpdateCheck = 0
PauseDays = 0

