[Updates]
CurrentRelease = v0.2.0.4
ReleaseDate = 2022-08-15 10:28:24.344300
LastCheckDate = 2022-08-15 10:28:24.344300
DisableUpdateCheck = 0
PauseDays = 0

