[Updates]
CurrentRelease = v0.1.0.2
ReleaseDate = 2022-05-25 12:03:08.271462
LastCheckDate = 2022-05-25 12:03:08.271462
DisableUpdateCheck = 0
PauseDays = 0

