[Updates]
CurrentRelease = v0.5.2.1
ReleaseDate = 2024-02-06 10:42:19.280422
LastCheckDate = 2024-02-06 10:42:19.280422
DisableUpdateCheck = 0
PauseDays = 0

