[Updates]
CurrentRelease = v0.3.0.0
ReleaseDate = 2023-01-24 22:37:32.867557
LastCheckDate = 2023-01-24 22:37:32.867557
DisableUpdateCheck = 0
PauseDays = 0

