[Updates]
CurrentRelease = v0.1.0.4
ReleaseDate = 2022-05-27 14:07:42.006050
LastCheckDate = 2022-05-27 14:07:42.006050
DisableUpdateCheck = 0
PauseDays = 0

