[Updates]
CurrentRelease = v0.4.0.0
ReleaseDate = 2023-03-30 08:33:12.841774
LastCheckDate = 2023-03-30 08:33:12.841774
DisableUpdateCheck = 0
PauseDays = 0

