[Updates]
CurrentRelease = v0.6.1.0
ReleaseDate = 2025-04-15 13:00:22.752695+00:00
LastCheckDate = 2025-04-15 13:00:22.752695+00:00
DisableUpdateCheck = 0
PauseDays = 0
CheckExtensionAssociation = 1

