[Updates]
CurrentRelease = v0.3.1.2
ReleaseDate = 2023-03-01 13:50:55.163886
LastCheckDate = 2023-03-01 13:50:55.164886
DisableUpdateCheck = 0
PauseDays = 0

