[Updates]
CurrentRelease = v0.1.1.0
ReleaseDate = 2022-05-30 14:29:57.879650
LastCheckDate = 2022-05-30 14:29:57.879650
DisableUpdateCheck = 0
PauseDays = 0

