[Updates]
CurrentRelease = v0.5.0.0
ReleaseDate = 2023-09-19 11:28:27.563078
LastCheckDate = 2023-09-19 11:28:27.563078
DisableUpdateCheck = 0
PauseDays = 0

