[Updates]
CurrentRelease = v0.3.3.0
ReleaseDate = 2023-03-13 18:18:28.483374
LastCheckDate = 2023-03-13 18:18:28.483374
DisableUpdateCheck = 0
PauseDays = 0

