[Updates]
CurrentRelease = v0.1.1.3
ReleaseDate = 2022-07-19 11:33:36.667379
LastCheckDate = 2022-07-19 11:33:36.667379
DisableUpdateCheck = 0
PauseDays = 0

