[Updates]
CurrentRelease = v0.5.3.2
ReleaseDate = 2024-02-13 14:52:59.282621
LastCheckDate = 2024-02-13 14:52:59.282621
DisableUpdateCheck = 0
PauseDays = 0

