[Updates]
CurrentRelease = v0.4.1.2
ReleaseDate = 2023-04-10 17:00:21.864917
LastCheckDate = 2023-04-10 17:00:21.864917
DisableUpdateCheck = 0
PauseDays = 0

