[Updates]
CurrentRelease = v0.2.0.3
ReleaseDate = 2022-08-15 07:57:13.119954
LastCheckDate = 2022-08-15 07:57:13.119954
DisableUpdateCheck = 0
PauseDays = 0

