[Updates]
CurrentRelease = v0.1.1.1
ReleaseDate = 2022-06-06 07:53:37.486418
LastCheckDate = 2022-06-06 07:53:37.486418
DisableUpdateCheck = 0
PauseDays = 0

