[Updates]
CurrentRelease = v0.4.2.0
ReleaseDate = 2023-05-05 17:26:13.467051
LastCheckDate = 2023-05-05 17:26:13.467051
DisableUpdateCheck = 0
PauseDays = 0

