[Updates]
CurrentRelease = v0.2.1.2
ReleaseDate = 2022-12-12 10:59:26.118215
LastCheckDate = 2022-12-12 10:59:26.118215
DisableUpdateCheck = 0
PauseDays = 0

