[Updates]
CurrentRelease = v0.3.3.0
ReleaseDate = 2023-03-13 18:52:20.163169
LastCheckDate = 2023-03-13 18:52:20.163169
DisableUpdateCheck = 0
PauseDays = 0

