[Updates]
CurrentRelease = v0.2.0.6
ReleaseDate = 2022-10-28 13:38:23.680929
LastCheckDate = 2022-10-28 13:38:23.681929
DisableUpdateCheck = 0
PauseDays = 0

