[Updates]
CurrentRelease = v0.7.0.0
ReleaseDate = 2025-05-20 09:10:05.942158+00:00
LastCheckDate = 2025-05-20 09:10:05.942158+00:00
DisableUpdateCheck = 0
PauseDays = 0
CheckExtensionAssociation = 1

