[Updates]
CurrentRelease = v0.5.2.0
ReleaseDate = 2024-02-02 20:50:43.384656
LastCheckDate = 2024-02-02 20:50:43.384656
DisableUpdateCheck = 0
PauseDays = 0

