[Updates]
CurrentRelease = v0.5.6.0
ReleaseDate = 2024-09-16 12:21:25.958699
LastCheckDate = 2024-09-16 12:21:25.958699
DisableUpdateCheck = 0
PauseDays = 0

