[Updates]
CurrentRelease = v0.1.0.1
ReleaseDate = 2022-05-20 11:04:47.262697
LastCheckDate = 2022-05-20 11:04:47.262697
DisableUpdateCheck = 0
PauseDays = 0

