[Updates]
CurrentRelease = v0.4.0.1
ReleaseDate = 2023-04-05 14:57:01.982691
LastCheckDate = 2023-04-05 14:57:01.982691
DisableUpdateCheck = 0
PauseDays = 0

