[Updates]
CurrentRelease = v0.2.0.5
ReleaseDate = 2022-08-19 12:32:37.711221
LastCheckDate = 2022-08-19 12:32:37.711221
DisableUpdateCheck = 0
PauseDays = 0

