[Updates]
CurrentRelease = v0.4.0.1
ReleaseDate = 2023-04-05 13:31:00.082411
LastCheckDate = 2023-04-05 13:31:00.082411
DisableUpdateCheck = 0
PauseDays = 0

