[Updates]
CurrentRelease = v0.1.0.1
ReleaseDate = 2022-05-20 10:49:53.852561
LastCheckDate = 2022-05-20 10:49:53.852561
DisableUpdateCheck = 0
PauseDays = 0

