[Updates]
CurrentRelease = v0.1.0.0
ReleaseDate = 2022-05-19 11:46:25.238914
LastCheckDate = 2022-05-19 11:46:25.238914
DisableUpdateCheck = 0
PauseDays = 0

