[Updates]
CurrentRelease = v0.5.5.1
ReleaseDate = 2024-05-06 17:09:37.388176
LastCheckDate = 2024-05-06 17:09:37.388176
DisableUpdateCheck = 0
PauseDays = 0

