[Updates]
CurrentRelease = v0.4.0.1
ReleaseDate = 2023-04-05 15:03:28.697379
LastCheckDate = 2023-04-05 15:03:28.697379
DisableUpdateCheck = 0
PauseDays = 0

