[Updates]
CurrentRelease = v0.4.0.0
ReleaseDate = 2023-03-29 13:11:50.261011
LastCheckDate = 2023-03-29 13:11:50.261011
DisableUpdateCheck = 0
PauseDays = 0

