[Updates]
CurrentRelease = v0.2.0.3
ReleaseDate = 2022-08-15 07:32:27.702384
LastCheckDate = 2022-08-15 07:32:27.702384
DisableUpdateCheck = 0
PauseDays = 0

