[Updates]
CurrentRelease = v0.4.1.0
ReleaseDate = 2023-04-07 11:16:13.265331
LastCheckDate = 2023-04-07 11:16:13.265331
DisableUpdateCheck = 0
PauseDays = 0

