[Updates]
CurrentRelease = v0.2.1.3
ReleaseDate = 2022-12-15 12:52:40.004895
LastCheckDate = 2022-12-15 12:52:40.004895
DisableUpdateCheck = 0
PauseDays = 0

