[Updates]
CurrentRelease = v0.1.0.5
ReleaseDate = 2022-05-30 12:33:10.883386
LastCheckDate = 2022-05-30 12:33:10.883386
DisableUpdateCheck = 0
PauseDays = 0

