[Updates]
CurrentRelease = v0.5.3.0
ReleaseDate = 2024-02-07 13:53:47.990932
LastCheckDate = 2024-02-07 13:53:47.990932
DisableUpdateCheck = 0
PauseDays = 0

