[Updates]
CurrentRelease = v0.3.0.0
ReleaseDate = 2023-01-22 19:40:12.809631
LastCheckDate = 2023-01-22 19:40:12.809631
DisableUpdateCheck = 0
PauseDays = 0

