[Updates]
CurrentRelease = v0.4.1.3
ReleaseDate = 2023-04-27 10:15:24.093336
LastCheckDate = 2023-04-27 10:15:24.093589
DisableUpdateCheck = 0
PauseDays = 0

