[Updates]
CurrentRelease = v0.5.5.0
ReleaseDate = 2024-05-04 16:39:01.441192
LastCheckDate = 2024-05-04 16:39:01.441192
DisableUpdateCheck = 0
PauseDays = 0

