[Updates]
CurrentRelease = v0.5.2.1
ReleaseDate = 2024-02-06 11:29:38.446078
LastCheckDate = 2024-02-06 11:29:38.446078
DisableUpdateCheck = 0
PauseDays = 0

