[Updates]
CurrentRelease = v0.2.0.2
ReleaseDate = 2022-08-08 12:01:51.167967
LastCheckDate = 2022-08-08 12:01:51.168966
DisableUpdateCheck = 0
PauseDays = 0

