[Updates]
CurrentRelease = v0.3.0.1
ReleaseDate = 2023-02-21 09:54:04.580504
LastCheckDate = 2023-02-21 09:54:04.580504
DisableUpdateCheck = 0
PauseDays = 0

