[Updates]
CurrentRelease = v0.5.0.0
ReleaseDate = 2023-06-07 11:18:57.885555
LastCheckDate = 2023-06-07 11:18:57.885555
DisableUpdateCheck = 0
PauseDays = 0

