[Updates]
CurrentRelease = v0.1.0.0
ReleaseDate = 2022-05-19 11:50:50.959192
LastCheckDate = 2022-05-19 11:50:50.959192
DisableUpdateCheck = 0
PauseDays = 0

