[Updates]
CurrentRelease = v0.7.0.3
ReleaseDate = 2026-03-24 13:14:00.245529+00:00
LastCheckDate = 2026-03-24 13:14:00.245529+00:00
DisableUpdateCheck = 0
PauseDays = 0
CheckExtensionAssociation = 1

