[Updates]
CurrentRelease = v0.5.5.0
ReleaseDate = 2024-05-04 16:20:37.492967
LastCheckDate = 2024-05-04 16:20:37.492967
DisableUpdateCheck = 0
PauseDays = 0

