[Updates]
CurrentRelease = v0.4.1.0
ReleaseDate = 2023-04-06 22:00:27.496494
LastCheckDate = 2023-04-06 22:00:27.496494
DisableUpdateCheck = 0
PauseDays = 0

