[Updates]
CurrentRelease = v0.7.0.0
ReleaseDate = 2025-05-22 11:59:42.522629+00:00
LastCheckDate = 2025-05-22 11:59:42.522629+00:00
DisableUpdateCheck = 0
PauseDays = 0
CheckExtensionAssociation = 1

