[Updates]
CurrentRelease = v0.3.0.0
ReleaseDate = 2023-01-26 12:26:33.649765
LastCheckDate = 2023-01-26 12:26:33.649765
DisableUpdateCheck = 0
PauseDays = 0

