[Updates]
CurrentRelease = v0.4.0.0
ReleaseDate = 2023-03-29 12:33:48.968765
LastCheckDate = 2023-03-29 12:33:48.968765
DisableUpdateCheck = 0
PauseDays = 0

