[Updates]
CurrentRelease = v0.4.0.0
ReleaseDate = 2023-04-05 12:23:56.373499
LastCheckDate = 2023-04-05 12:23:56.373499
DisableUpdateCheck = 0
PauseDays = 0

