[Updates]
CurrentRelease = v0.4.0.0
ReleaseDate = 2023-03-29 12:03:42.444926
LastCheckDate = 2023-03-29 12:03:42.444926
DisableUpdateCheck = 0
PauseDays = 0

