[Updates]
CurrentRelease = v0.5.1.0
ReleaseDate = 2023-11-13 13:54:26.873721
LastCheckDate = 2023-11-13 13:54:26.873721
DisableUpdateCheck = 0
PauseDays = 0

