[Updates]
CurrentRelease = v0.1.0.5
ReleaseDate = 2022-05-30 12:40:27.669059
LastCheckDate = 2022-05-30 12:40:27.669059
DisableUpdateCheck = 0
PauseDays = 0

