[Updates]
CurrentRelease = v0.5.4.0
ReleaseDate = 2024-03-19 15:51:17.260476
LastCheckDate = 2024-03-19 15:51:17.260476
DisableUpdateCheck = 0
PauseDays = 0

