[Updates]
CurrentRelease = v0.2.0.1
ReleaseDate = 2022-07-23 13:38:15.501907
LastCheckDate = 2022-07-23 13:38:15.502906
DisableUpdateCheck = 0
PauseDays = 0

