[Updates]
CurrentRelease = v0.7.0.4
ReleaseDate = 2026-04-01 21:34:20.933892+00:00
LastCheckDate = 2026-04-01 21:34:20.933892+00:00
DisableUpdateCheck = 0
PauseDays = 0
CheckExtensionAssociation = 1

