[Updates]
CurrentRelease = v0.5.1.1
ReleaseDate = 2024-02-02 12:26:40.080694
LastCheckDate = 2024-02-02 12:26:40.080694
DisableUpdateCheck = 0
PauseDays = 0

