[Updates]
CurrentRelease = v0.1.0.5
ReleaseDate = 2022-05-27 14:32:34.548167
LastCheckDate = 2022-05-27 14:32:34.548167
DisableUpdateCheck = 0
PauseDays = 0

