[Updates]
CurrentRelease = v0.4.0.0
ReleaseDate = 2023-03-29 13:00:00.935223
LastCheckDate = 2023-03-29 13:00:00.935223
DisableUpdateCheck = 0
PauseDays = 0

