[Updates]
CurrentRelease = v0.3.1.1
ReleaseDate = 2023-02-22 17:47:09.177413
LastCheckDate = 2023-02-22 17:47:09.177413
DisableUpdateCheck = 0
PauseDays = 0

