[Updates]
CurrentRelease = v0.2.1.1
ReleaseDate = 2022-12-03 13:41:56.537003
LastCheckDate = 2022-12-03 13:41:56.537003
DisableUpdateCheck = 0
PauseDays = 0

