[Updates]
CurrentRelease = v0.2.1.0
ReleaseDate = 2022-10-31 15:05:51.209721
LastCheckDate = 2022-10-31 15:05:51.210718
DisableUpdateCheck = 0
PauseDays = 0

