[Updates]
CurrentRelease = v0.2.0.0
ReleaseDate = 2022-07-21 17:22:46.145018
LastCheckDate = 2022-07-21 17:22:46.145018
DisableUpdateCheck = 0
PauseDays = 0

