[Updates]
CurrentRelease = v0.4.0.0
ReleaseDate = 2023-03-29 14:11:22.185557
LastCheckDate = 2023-03-29 14:11:22.185557
DisableUpdateCheck = 0
PauseDays = 0

