[Updates]
CurrentRelease = v0.1.0.1
ReleaseDate = 2022-05-20 11:06:38.804951
LastCheckDate = 2022-05-20 11:06:38.804951
DisableUpdateCheck = 0
PauseDays = 0

