[Updates]
CurrentRelease = v0.1.0.0
ReleaseDate = 2022-05-19 11:37:41.237819
LastCheckDate = 2022-05-19 11:37:41.237819
DisableUpdateCheck = 0
PauseDays = 0

