[Updates]
CurrentRelease = v0.3.2.1
ReleaseDate = 2023-03-08 09:43:05.714558
LastCheckDate = 2023-03-08 09:43:05.714558
DisableUpdateCheck = 0
PauseDays = 0

