[Updates]
CurrentRelease = v0.5.3.1
ReleaseDate = 2024-02-12 12:19:46.780403
LastCheckDate = 2024-02-12 12:19:46.780403
DisableUpdateCheck = 0
PauseDays = 0

