[Updates]
CurrentRelease = v0.4.0.1
ReleaseDate = 2023-04-05 15:07:19.992108
LastCheckDate = 2023-04-05 15:07:19.992108
DisableUpdateCheck = 0
PauseDays = 0

