[Updates]
CurrentRelease = v0.4.2.0
ReleaseDate = 2023-05-06 21:07:09.386612
LastCheckDate = 2023-05-06 21:07:09.386612
DisableUpdateCheck = 0
PauseDays = 0

