[Updates]
CurrentRelease = v0.1.1.0
ReleaseDate = 2022-05-30 14:30:43.034550
LastCheckDate = 2022-05-30 14:30:43.034550
DisableUpdateCheck = 0
PauseDays = 0

