[Updates]
CurrentRelease = v0.1.1.2
ReleaseDate = 2022-07-19 10:32:55.786044
LastCheckDate = 2022-07-19 10:32:55.786044
DisableUpdateCheck = 0
PauseDays = 0

