[Updates]
CurrentRelease = v0.3.2.0
ReleaseDate = 2023-03-06 15:31:30.443252
LastCheckDate = 2023-03-06 15:31:30.443252
DisableUpdateCheck = 0
PauseDays = 0

