[Camera]
Model = DJI Air 3

[Intrinsics]
fx = 0.729743847
fy = 0.729743847
cx = 0.501440627
cy = 0.497367821

[Radial]
k1 = 0.107393
k2 = -0.193439
k3 = 0.133183

[Tangential]
p1 = -0.000295674
p2 = 0.00050775
