[Camera]
Model = Eken 4K

[Intrinsics]
fx = 0.580857796877702
fy = 0.58022423573553
cx = 0.513079977099338
cy = 0.283084556223302

[Radial]
k1 = -0.427185509483933
k2 = 0.27457504540652
k3 = -0.138381759338002

[Tangential]
p1 = 0.00140282447121341
p2 = -0.000750855591379187
