[Camera]
Model = Eken 4K

[Calibration]
Total images = 44
Detected patterns = 35
Failed detections = 9
Cheq. W = 9
Cheq. H = 6
Mean repr. error [px] = 1.5258
Stdev repr. error [px] = 0.2086

[Intrinsics]
fx = 0.58133978
fy = 0.58075787
cx = 0.51461103
cy = 0.28377253

[Radial]
k1 = -0.42386324
k2 = 0.24237848
k3 = -0.07748811

[Tangential]
p1 = 0.00126061
p2 = -0.00143260

